geoid,Zip,Total,Owned,Rent
86000US89010,89010,183,106,77
86000US89019,89019,946,633,313
86000US89046,89046,197,131,66
86000US89060,89060,3925,2985,940
86000US89061,89061,2587,2225,362
86000US89439,89439,656,503,153
86000US90001,90001,13815,4966,8849
86000US90002,90002,12706,4540,8166
86000US90003,90003,17127,4856,12271
86000US90004,90004,21971,3670,18301
86000US90005,90005,16442,1303,15139
86000US90006,90006,19419,1708,17711
86000US90007,90007,11884,1344,10540
86000US90008,90008,14834,5004,9830
86000US90010,90010,1961,420,1541
86000US90011,90011,24160,6213,17947
86000US90012,90012,12736,1307,11429
86000US90013,90013,6966,607,6359
86000US90014,90014,5496,170,5326
86000US90015,90015,9423,1236,8187
86000US90016,90016,17087,6515,10572
86000US90017,90017,10869,435,10434
86000US90018,90018,16426,4996,11430
86000US90019,90019,24756,6951,17805
86000US90020,90020,16396,1483,14913
86000US90021,90021,1758,160,1598
86000US90022,90022,17444,5724,11720
86000US90023,90023,11519,3159,8360
86000US90024,90024,16737,5140,11597
86000US90025,90025,22105,5881,16224
86000US90026,90026,25785,6161,19624
86000US90027,90027,21716,4051,17665
86000US90028,90028,16652,784,15868
86000US90029,90029,14018,1303,12715
86000US90031,90031,11621,3739,7882
86000US90032,90032,13470,6741,6729
86000US90033,90033,13236,2403,10833
86000US90034,90034,25878,4985,20893
86000US90035,90035,12329,4027,8302
86000US90036,90036,18426,3269,15157
86000US90037,90037,17334,4120,13214
86000US90038,90038,11601,1023,10578
86000US90039,90039,11413,5152,6261
86000US90040,90040,3512,1619,1893
86000US90041,90041,9724,5135,4589
86000US90042,90042,20622,9098,11524
86000US90043,90043,17066,9171,7895
86000US90044,90044,28160,8049,20111
86000US90045,90045,15514,8041,7473
86000US90046,90046,29183,6346,22837
86000US90047,90047,17420,9719,7701
86000US90048,90048,12054,3674,8380
86000US90049,90049,16647,8498,8149
86000US90056,90056,3374,2251,1123
86000US90057,90057,17031,608,16423
86000US90058,90058,757,80,677
86000US90059,90059,10628,4898,5730
86000US90061,90061,7318,3009,4309
86000US90062,90062,9905,4295,5610
86000US90063,90063,13675,5482,8193
86000US90064,90064,10958,6159,4799
86000US90065,90065,15337,7386,7951
86000US90066,90066,25225,9387,15838
86000US90067,90067,1375,1132,243
86000US90068,90068,11360,5549,5811
86000US90069,90069,12640,4717,7923
86000US90071,90071,0,0,0
86000US90073,90073,0,0,0
86000US90077,90077,3276,2767,509
86000US90079,90079,0,0,0
86000US90089,90089,7,0,7
86000US90090,90090,0,0,0
86000US90094,90094,4345,1643,2702
86000US90095,90095,0,0,0
86000US90201,90201,24065,5457,18608
86000US90210,90210,8036,5747,2289
86000US90211,90211,3805,1180,2625
86000US90212,90212,5934,1764,4170
86000US90220,90220,13509,7916,5593
86000US90221,90221,12228,6265,5963
86000US90222,90222,7985,3932,4053
86000US90230,90230,13204,7284,5920
86000US90232,90232,6410,2398,4012
86000US90240,90240,7442,4939,2503
86000US90241,90241,13542,5787,7755
86000US90242,90242,12203,6074,6129
86000US90245,90245,6639,2938,3701
86000US90247,90247,15886,6172,9714
86000US90248,90248,3822,2717,1105
86000US90249,90249,8784,5182,3602
86000US90250,90250,31978,9753,22225
86000US90254,90254,8979,4371,4608
86000US90255,90255,18500,6074,12426
86000US90260,90260,10509,4026,6483
86000US90262,90262,15551,6653,8898
86000US90263,90263,0,0,0
86000US90265,90265,7555,5578,1977
86000US90266,90266,13520,9450,4070
86000US90270,90270,6679,1731,4948
86000US90272,90272,9008,7278,1730
86000US90274,90274,9089,7969,1120
86000US90275,90275,15634,12204,3430
86000US90277,90277,15724,7096,8628
86000US90278,90278,15354,8890,6464
86000US90280,90280,23926,10096,13830
86000US90290,90290,2236,1745,491
86000US90291,90291,13612,4455,9157
86000US90292,90292,12381,3809,8572
86000US90293,90293,6679,3149,3530
86000US90301,90301,12136,3125,9011
86000US90302,90302,10893,3048,7845
86000US90303,90303,7144,2789,4355
86000US90304,90304,6430,1845,4585
86000US90305,90305,5946,3894,2052
86000US90401,90401,4649,340,4309
86000US90402,90402,4874,3357,1517
86000US90403,90403,12918,2976,9942
86000US90404,90404,9904,2297,7607
86000US90405,90405,14029,4698,9331
86000US90501,90501,14244,6157,8087
86000US90502,90502,6011,3849,2162
86000US90503,90503,16738,8456,8282
86000US90504,90504,11559,6991,4568
86000US90505,90505,14089,8047,6042
86000US90506,90506,0,0,0
86000US90601,90601,11097,6548,4549
86000US90602,90602,7769,3078,4691
86000US90603,90603,6659,5203,1456
86000US90604,90604,12295,8211,4084
86000US90605,90605,10388,7134,3254
86000US90606,90606,8893,5968,2925
86000US90620,90620,13091,9190,3901
86000US90621,90621,10172,4061,6111
86000US90623,90623,4952,3403,1549
86000US90630,90630,15927,10583,5344
86000US90631,90631,21332,13035,8297
86000US90638,90638,14462,11315,3147
86000US90640,90640,19290,8372,10918
86000US90650,90650,27180,17344,9836
86000US90660,90660,16666,11219,5447
86000US90670,90670,4868,3287,1581
86000US90680,90680,8659,4296,4363
86000US90701,90701,4602,2181,2421
86000US90703,90703,15553,12031,3522
86000US90704,90704,1562,451,1111
86000US90706,90706,23517,9222,14295
86000US90710,90710,9162,4805,4357
86000US90712,90712,10453,7743,2710
86000US90713,90713,9267,7562,1705
86000US90715,90715,5994,3479,2515
86000US90716,90716,3809,1562,2247
86000US90717,90717,8515,3961,4554
86000US90720,90720,7922,5042,2880
86000US90723,90723,14452,5569,8883
86000US90731,90731,22624,7108,15516
86000US90732,90732,8522,6036,2486
86000US90740,90740,12515,9453,3062
86000US90742,90742,388,126,262
86000US90743,90743,119,80,39
86000US90744,90744,14638,5444,9194
86000US90745,90745,15139,10313,4826
86000US90746,90746,8159,7023,1136
86000US90747,90747,0,0,0
86000US90755,90755,4607,2128,2479
86000US90802,90802,20749,4280,16469
86000US90803,90803,16947,7336,9611
86000US90804,90804,15066,3222,11844
86000US90805,90805,27034,11245,15789
86000US90806,90806,12821,4414,8407
86000US90807,90807,12644,6667,5977
86000US90808,90808,13967,10943,3024
86000US90810,90810,9334,5142,4192
86000US90813,90813,17148,2027,15121
86000US90814,90814,8954,3463,5491
86000US90815,90815,14459,9775,4684
86000US90822,90822,0,0,0
86000US90831,90831,0,0,0
86000US91001,91001,12745,9558,3187
86000US91006,91006,10459,7034,3425
86000US91007,91007,11617,6370,5247
86000US91008,91008,428,271,157
86000US91010,91010,8073,5152,2921
86000US91011,91011,6597,5906,691
86000US91016,91016,14354,7061,7293
86000US91020,91020,3450,1195,2255
86000US91024,91024,4603,2854,1749
86000US91030,91030,9992,4670,5322
86000US91040,91040,7263,5248,2015
86000US91042,91042,9854,5185,4669
86000US91046,91046,100,0,100
86000US91101,91101,10521,1751,8770
86000US91103,91103,8500,3957,4543
86000US91104,91104,12960,6450,6510
86000US91105,91105,5299,3135,2164
86000US91106,91106,10554,3920,6634
86000US91107,91107,12462,7567,4895
86000US91108,91108,4686,4047,639
86000US91201,91201,8311,2401,5910
86000US91202,91202,8764,3138,5626
86000US91203,91203,5698,1024,4674
86000US91204,91204,6327,627,5700
86000US91205,91205,14294,2156,12138
86000US91206,91206,13294,4598,8696
86000US91207,91207,4166,2288,1878
86000US91208,91208,5806,3735,2071
86000US91210,91210,308,67,241
86000US91214,91214,10240,7854,2386
86000US91301,91301,9191,7165,2026
86000US91302,91302,9513,6672,2841
86000US91303,91303,9823,2366,7457
86000US91304,91304,17225,8743,8482
86000US91306,91306,14510,8197,6313
86000US91307,91307,8738,7380,1358
86000US91311,91311,14122,9244,4878
86000US91316,91316,12252,6073,6179
86000US91320,91320,15032,11423,3609
86000US91321,91321,11045,6078,4967
86000US91324,91324,9925,5119,4806
86000US91325,91325,11748,5620,6128
86000US91326,91326,12888,9384,3504
86000US91330,91330,0,0,0
86000US91331,91331,23367,14396,8971
86000US91335,91335,24085,11435,12650
86000US91340,91340,8870,4849,4021
86000US91342,91342,25033,16388,8645
86000US91343,91343,17850,9052,8798
86000US91344,91344,16820,12628,4192
86000US91345,91345,5314,3921,1393
86000US91350,91350,11458,9598,1860
86000US91351,91351,9871,6961,2910
86000US91352,91352,12474,6742,5732
86000US91354,91354,10277,8029,2248
86000US91355,91355,12030,7068,4962
86000US91356,91356,11827,6702,5125
86000US91360,91360,15002,10064,4938
86000US91361,91361,8583,6502,2081
86000US91362,91362,13506,9625,3881
86000US91364,91364,10607,7132,3475
86000US91367,91367,18236,9357,8879
86000US91371,91371,0,0,0
86000US91377,91377,5306,3767,1539
86000US91381,91381,6675,4612,2063
86000US91384,91384,6980,5849,1131
86000US91387,91387,13240,8084,5156
86000US91390,91390,5996,5429,567
86000US91401,91401,15132,5162,9970
86000US91402,91402,19476,6406,13070
86000US91403,91403,11491,5080,6411
86000US91405,91405,18009,4788,13221
86000US91406,91406,18126,7166,10960
86000US91411,91411,9689,2606,7083
86000US91423,91423,15305,6030,9275
86000US91436,91436,5594,4411,1183
86000US91501,91501,7870,2542,5328
86000US91502,91502,5125,448,4677
86000US91504,91504,9414,4973,4441
86000US91505,91505,12835,6010,6825
86000US91506,91506,7460,4036,3424
86000US91601,91601,16809,3283,13526
86000US91602,91602,9557,3238,6319
86000US91604,91604,14808,6797,8011
86000US91605,91605,15774,5799,9975
86000US91606,91606,15439,4725,10714
86000US91607,91607,13673,4097,9576
86000US91608,91608,0,0,0
86000US91701,91701,13050,10268,2782
86000US91702,91702,15383,8718,6665
86000US91706,91706,18172,10267,7905
86000US91708,91708,590,303,287
86000US91709,91709,24374,18392,5982
86000US91710,91710,21639,13745,7894
86000US91711,91711,11938,7716,4222
86000US91722,91722,9880,7045,2835
86000US91723,91723,6250,2547,3703
86000US91724,91724,7941,5668,2273
86000US91730,91730,23576,10529,13047
86000US91731,91731,8085,3109,4976
86000US91732,91732,15904,6979,8925
86000US91733,91733,11150,4728,6422
86000US91737,91737,7977,5670,2307
86000US91739,91739,11598,8185,3413
86000US91740,91740,8357,5640,2717
86000US91741,91741,8941,6517,2424
86000US91744,91744,18895,12614,6281
86000US91745,91745,16233,12557,3676
86000US91746,91746,6676,4967,1709
86000US91748,91748,13492,8513,4979
86000US91750,91750,11856,8857,2999
86000US91752,91752,8456,5190,3266
86000US91754,91754,11109,6118,4991
86000US91755,91755,8783,4270,4513
86000US91759,91759,195,128,67
86000US91761,91761,17028,10935,6093
86000US91762,91762,17326,8638,8688
86000US91763,91763,10281,5349,4932
86000US91764,91764,16129,7223,8906
86000US91765,91765,14937,11255,3682
86000US91766,91766,17906,9463,8443
86000US91767,91767,14099,7284,6815
86000US91768,91768,8073,4197,3876
86000US91770,91770,16977,8616,8361
86000US91773,91773,11494,8277,3217
86000US91775,91775,8070,5321,2749
86000US91776,91776,11455,4353,7102
86000US91780,91780,11173,6615,4558
86000US91784,91784,8945,7574,1371
86000US91786,91786,19085,8107,10978
86000US91789,91789,13264,11015,2249
86000US91790,91790,12217,8426,3791
86000US91791,91791,10170,6795,3375
86000US91792,91792,8655,4776,3879
86000US91801,91801,19721,7044,12677
86000US91803,91803,9671,4427,5244
86000US91901,91901,6411,4611,1800
86000US91902,91902,6249,4671,1578
86000US91905,91905,565,346,219
86000US91906,91906,1218,832,386
86000US91910,91910,24999,11893,13106
86000US91911,91911,24928,12713,12215
86000US91913,91913,14756,10387,4369
86000US91914,91914,4350,3511,839
86000US91915,91915,8255,6050,2205
86000US91916,91916,664,624,40
86000US91917,91917,205,189,16
86000US91931,91931,145,125,20
86000US91932,91932,9175,2811,6364
86000US91934,91934,150,150,0
86000US91935,91935,2869,2479,390
86000US91941,91941,11656,7255,4401
86000US91942,91942,16318,6318,10000
86000US91945,91945,8548,4543,4005
86000US91948,91948,15,15,0
86000US91950,91950,16787,6021,10766
86000US91962,91962,801,601,200
86000US91963,91963,266,220,46
86000US91977,91977,18984,11082,7902
86000US91978,91978,3331,2164,1167
86000US91980,91980,84,64,20
86000US92003,92003,1773,1222,551
86000US92004,92004,1193,981,212
86000US92007,92007,4469,2590,1879
86000US92008,92008,11410,5249,6161
86000US92009,92009,16469,12075,4394
86000US92010,92010,5963,4257,1706
86000US92011,92011,9451,6302,3149
86000US92014,92014,5924,3840,2084
86000US92019,92019,14566,9671,4895
86000US92020,92020,19156,7643,11513
86000US92021,92021,22463,11329,11134
86000US92024,92024,19544,12589,6955
86000US92025,92025,15760,6634,9126
86000US92026,92026,16853,9948,6905
86000US92027,92027,16363,9775,6588
86000US92028,92028,16575,11071,5504
86000US92029,92029,6996,5227,1769
86000US92036,92036,1105,826,279
86000US92037,92037,17064,9939,7125
86000US92040,92040,15274,9854,5420
86000US92054,92054,15358,6062,9296
86000US92055,92055,195,0,195
86000US92056,92056,19412,12089,7323
86000US92057,92057,19342,12667,6675
86000US92058,92058,14202,3905,10297
86000US92059,92059,481,381,100
86000US92060,92060,63,51,12
86000US92061,92061,699,457,242
86000US92064,92064,15796,11666,4130
86000US92065,92065,11969,9089,2880
86000US92066,92066,194,122,72
86000US92067,92067,2873,2427,446
86000US92069,92069,14927,8451,6476
86000US92070,92070,315,250,65
86000US92071,92071,19611,13863,5748
86000US92075,92075,5330,3077,2253
86000US92078,92078,16986,11440,5546
86000US92081,92081,10424,5585,4839
86000US92082,92082,6021,4853,1168
86000US92083,92083,11290,5130,6160
86000US92084,92084,14879,8501,6378
86000US92086,92086,702,593,109
86000US92091,92091,652,575,77
86000US92101,92101,23297,5631,17666
86000US92102,92102,14592,4103,10489
86000US92103,92103,18118,6241,11877
86000US92104,92104,21017,6071,14946
86000US92105,92105,21777,6535,15242
86000US92106,92106,7461,4298,3163
86000US92107,92107,13758,5490,8268
86000US92108,92108,11097,3002,8095
86000US92109,92109,22554,6428,16126
86000US92110,92110,11476,4694,6782
86000US92111,92111,16892,8457,8435
86000US92113,92113,13088,3616,9472
86000US92114,92114,17994,11812,6182
86000US92115,92115,21425,7019,14406
86000US92116,92116,16553,5583,10970
86000US92117,92117,20865,12304,8561
86000US92118,92118,8396,4279,4117
86000US92119,92119,9335,6629,2706
86000US92120,92120,11387,7842,3545
86000US92121,92121,1798,990,808
86000US92122,92122,19946,6339,13607
86000US92123,92123,11788,5822,5966
86000US92124,92124,10947,5175,5772
86000US92126,92126,25221,13990,11231
86000US92127,92127,15584,10334,5250
86000US92128,92128,20638,13232,7406
86000US92129,92129,17879,11919,5960
86000US92130,92130,19525,12993,6532
86000US92131,92131,11654,9064,2590
86000US92132,92132,0,0,0
86000US92134,92134,0,0,0
86000US92135,92135,0,0,0
86000US92139,92139,10410,6199,4211
86000US92140,92140,0,0,0
86000US92145,92145,692,488,204
86000US92147,92147,0,0,0
86000US92154,92154,21999,12987,9012
86000US92155,92155,0,0,0
86000US92173,92173,7998,2395,5603
86000US92201,92201,22942,14625,8317
86000US92203,92203,11751,8726,3025
86000US92210,92210,2613,2208,405
86000US92211,92211,12788,9543,3245
86000US92220,92220,11667,7547,4120
86000US92222,92222,0,0,0
86000US92223,92223,16599,12820,3779
86000US92225,92225,5891,3161,2730
86000US92227,92227,7043,3978,3065
86000US92230,92230,984,556,428
86000US92231,92231,8825,4837,3988
86000US92233,92233,1043,580,463
86000US92234,92234,17951,10987,6964
86000US92236,92236,14772,10139,4633
86000US92239,92239,98,89,9
86000US92240,92240,11952,5775,6177
86000US92241,92241,3584,2828,756
86000US92242,92242,628,504,124
86000US92243,92243,12945,6793,6152
86000US92249,92249,1836,1158,678
86000US92250,92250,2402,1498,904
86000US92251,92251,5135,3808,1327
86000US92252,92252,3901,2229,1672
86000US92253,92253,15243,11125,4118
86000US92254,92254,2947,1808,1139
86000US92256,92256,1552,1208,344
86000US92257,92257,551,408,143
86000US92258,92258,283,200,83
86000US92259,92259,56,50,6
86000US92260,92260,15607,9206,6401
86000US92262,92262,13233,7688,5545
86000US92264,92264,10917,6904,4013
86000US92266,92266,96,68,28
86000US92267,92267,5,0,5
86000US92268,92268,318,268,50
86000US92270,92270,9406,7587,1819
86000US92273,92273,461,221,240
86000US92274,92274,4980,3551,1429
86000US92275,92275,822,631,191
86000US92276,92276,2707,1878,829
86000US92277,92277,9136,3251,5885
86000US92278,92278,298,0,298
86000US92280,92280,19,0,19
86000US92281,92281,693,317,376
86000US92282,92282,420,289,131
86000US92283,92283,548,289,259
86000US92284,92284,10930,7259,3671
86000US92285,92285,1022,813,209
86000US92301,92301,8077,4182,3895
86000US92304,92304,12,0,12
86000US92305,92305,253,160,93
86000US92307,92307,12868,8546,4322
86000US92308,92308,14291,9344,4947
86000US92309,92309,188,53,135
86000US92310,92310,2500,2,2498
86000US92311,92311,11416,5442,5974
86000US92313,92313,4407,2780,1627
86000US92314,92314,4495,2891,1604
86000US92315,92315,2216,1264,952
86000US92316,92316,7575,5342,2233
86000US92320,92320,3298,2782,516
86000US92321,92321,425,303,122
86000US92322,92322,302,287,15
86000US92324,92324,18075,9470,8605
86000US92325,92325,3388,2208,1180
86000US92327,92327,282,133,149
86000US92328,92328,195,54,141
86000US92332,92332,42,3,39
86000US92333,92333,172,156,16
86000US92335,92335,24837,12480,12357
86000US92336,92336,24524,18603,5921
86000US92337,92337,9766,6912,2854
86000US92338,92338,0,0,0
86000US92339,92339,450,331,119
86000US92341,92341,118,99,19
86000US92342,92342,2502,1945,557
86000US92344,92344,6082,4627,1455
86000US92345,92345,23480,14614,8866
86000US92346,92346,17265,11412,5853
86000US92347,92347,253,223,30
86000US92352,92352,2276,1766,510
86000US92354,92354,7762,3238,4524
86000US92356,92356,2229,1594,635
86000US92358,92358,420,304,116
86000US92359,92359,3092,1990,1102
86000US92363,92363,2234,1164,1070
86000US92364,92364,0,0,0
86000US92365,92365,1038,769,269
86000US92368,92368,293,127,166
86000US92371,92371,5187,3812,1375
86000US92372,92372,2178,1579,599
86000US92373,92373,12841,6769,6072
86000US92374,92374,13696,8187,5509
86000US92376,92376,21468,12586,8882
86000US92377,92377,5340,4678,662
86000US92378,92378,86,86,0
86000US92382,92382,1835,1205,630
86000US92384,92384,10,0,10
86000US92385,92385,89,77,12
86000US92386,92386,998,619,379
86000US92389,92389,87,63,24
86000US92391,92391,927,508,419
86000US92392,92392,15994,9178,6816
86000US92394,92394,8025,5142,2883
86000US92395,92395,13429,6854,6575
86000US92397,92397,1726,1197,529
86000US92398,92398,647,276,371
86000US92399,92399,18769,13485,5284
86000US92401,92401,672,80,592
86000US92404,92404,17722,7647,10075
86000US92405,92405,8862,4047,4815
86000US92407,92407,17028,10169,6859
86000US92408,92408,3713,1346,2367
86000US92410,92410,12482,5107,7375
86000US92411,92411,6430,3320,3110
86000US92501,92501,6706,2872,3834
86000US92503,92503,25016,15759,9257
86000US92504,92504,16538,9771,6767
86000US92505,92505,13517,6928,6589
86000US92506,92506,14871,11159,3712
86000US92507,92507,16763,5388,11375
86000US92508,92508,10244,8052,2192
86000US92509,92509,18963,13091,5872
86000US92518,92518,500,46,454
86000US92530,92530,14959,8582,6377
86000US92532,92532,6908,5304,1604
86000US92536,92536,1059,741,318
86000US92539,92539,1627,1083,544
86000US92543,92543,12833,6379,6454
86000US92544,92544,15314,10266,5048
86000US92545,92545,14948,9885,5063
86000US92548,92548,2356,1452,904
86000US92549,92549,1145,746,399
86000US92551,92551,7868,5145,2723
86000US92553,92553,18331,8876,9455
86000US92555,92555,10774,7969,2805
86000US92557,92557,13743,8979,4764
86000US92561,92561,595,514,81
86000US92562,92562,19745,13447,6298
86000US92563,92563,17952,12404,5548
86000US92567,92567,2577,1833,744
86000US92570,92570,13944,8816,5128
86000US92571,92571,12406,8239,4167
86000US92582,92582,3942,2934,1008
86000US92583,92583,9296,5653,3643
86000US92584,92584,14463,11819,2644
86000US92585,92585,6043,4839,1204
86000US92586,92586,9137,6040,3097
86000US92587,92587,5593,4443,1150
86000US92590,92590,1552,636,916
86000US92591,92591,12968,7725,5243
86000US92592,92592,24505,17984,6521
86000US92595,92595,9504,6724,2780
86000US92596,92596,7927,5954,1973
86000US92602,92602,8735,4314,4421
86000US92603,92603,7292,4857,2435
86000US92604,92604,9698,6038,3660
86000US92606,92606,8660,3819,4841
86000US92610,92610,4857,3644,1213
86000US92612,92612,12736,3955,8781
86000US92614,92614,9804,4365,5439
86000US92617,92617,3991,953,3038
86000US92618,92618,17258,5901,11357
86000US92620,92620,17819,11096,6723
86000US92624,92624,2810,1858,952
86000US92625,92625,5804,3936,1868
86000US92626,92626,19058,7888,11170
86000US92627,92627,22180,8235,13945
86000US92629,92629,11439,7065,4374
86000US92630,92630,21234,14303,6931
86000US92637,92637,11156,8305,2851
86000US92646,92646,21352,16121,5231
86000US92647,92647,21363,9750,11613
86000US92648,92648,19471,9678,9793
86000US92649,92649,14247,8730,5517
86000US92651,92651,11126,7120,4006
86000US92653,92653,9970,7177,2793
86000US92655,92655,2499,896,1603
86000US92656,92656,19252,11684,7568
86000US92657,92657,3884,3263,621
86000US92660,92660,15268,8128,7140
86000US92661,92661,1519,671,848
86000US92662,92662,1350,818,532
86000US92663,92663,10029,4563,5466
86000US92672,92672,14230,7712,6518
86000US92673,92673,10294,8553,1741
86000US92675,92675,12895,9576,3319
86000US92676,92676,847,669,178
86000US92677,92677,25667,17760,7907
86000US92678,92678,218,147,71
86000US92679,92679,10711,9261,1450
86000US92683,92683,27536,14479,13057
86000US92688,92688,16081,10940,5141
86000US92691,92691,16759,12586,4173
86000US92692,92692,17552,13482,4070
86000US92694,92694,8620,6578,2042
86000US92701,92701,13053,3573,9480
86000US92703,92703,13589,6580,7009
86000US92704,92704,20269,10647,9622
86000US92705,92705,14711,10027,4684
86000US92706,92706,9189,5042,4147
86000US92707,92707,13931,7175,6756
86000US92708,92708,18892,12819,6073
86000US92780,92780,19343,8899,10444
86000US92782,92782,8059,4963,3096
86000US92801,92801,17826,6024,11802
86000US92802,92802,11503,4195,7308
86000US92804,92804,24572,10006,14566
86000US92805,92805,19113,7781,11332
86000US92806,92806,12380,4622,7758
86000US92807,92807,12337,9842,2495
86000US92808,92808,7417,5567,1850
86000US92821,92821,13516,7994,5522
86000US92823,92823,1448,1295,153
86000US92831,92831,12407,4855,7552
86000US92832,92832,8209,3040,5169
86000US92833,92833,16375,9482,6893
86000US92835,92835,8502,6142,2360
86000US92840,92840,15131,8286,6845
86000US92841,92841,9559,4901,4658
86000US92843,92843,11761,5438,6323
86000US92844,92844,6715,2742,3973
86000US92845,92845,5655,4560,1095
86000US92860,92860,7149,5870,1279
86000US92861,92861,1979,1870,109
86000US92865,92865,6340,3796,2544
86000US92866,92866,5468,1987,3481
86000US92867,92867,12906,8546,4360
86000US92868,92868,8016,2641,5375
86000US92869,92869,11597,8535,3062
86000US92870,92870,17128,11098,6030
86000US92879,92879,14384,8061,6323
86000US92880,92880,17575,12763,4812
86000US92881,92881,9851,7727,2124
86000US92882,92882,21510,14109,7401
86000US92883,92883,10403,8541,1862
86000US92886,92886,16559,13469,3090
86000US92887,92887,6792,5795,997
86000US93001,93001,12806,5187,7619
86000US93003,93003,19191,11136,8055
86000US93004,93004,10856,7000,3856
86000US93010,93010,15798,9755,6043
86000US93012,93012,13138,9836,3302
86000US93013,93013,6232,3457,2775
86000US93015,93015,5064,3062,2002
86000US93021,93021,11783,8895,2888
86000US93022,93022,2508,1926,582
86000US93023,93023,7989,5134,2855
86000US93030,93030,14954,7281,7673
86000US93033,93033,17109,9586,7523
86000US93035,93035,9982,5830,4152
86000US93036,93036,12879,6660,6219
86000US93040,93040,572,362,210
86000US93041,93041,7194,3199,3995
86000US93042,93042,0,0,0
86000US93043,93043,16,2,14
86000US93060,93060,10001,5355,4646
86000US93063,93063,19096,13549,5547
86000US93064,93064,0,0,0
86000US93065,93065,23865,17537,6328
86000US93066,93066,1070,717,353
86000US93067,93067,295,160,135
86000US93101,93101,12842,3043,9799
86000US93103,93103,7608,3642,3966
86000US93105,93105,11356,6247,5109
86000US93108,93108,4116,3088,1028
86000US93109,93109,4615,2832,1783
86000US93110,93110,6358,4109,2249
86000US93111,93111,6166,4054,2112
86000US93117,93117,15977,6024,9953
86000US93201,93201,378,161,217
86000US93202,93202,1112,627,485
86000US93203,93203,5345,2419,2926
86000US93204,93204,2299,1080,1219
86000US93205,93205,727,507,220
86000US93206,93206,562,258,304
86000US93207,93207,114,107,7
86000US93208,93208,47,0,47
86000US93210,93210,4566,2406,2160
86000US93212,93212,4220,1985,2235
86000US93215,93215,11937,7036,4901
86000US93218,93218,253,177,76
86000US93219,93219,2520,1082,1438
86000US93220,93220,58,0,58
86000US93221,93221,4800,3328,1472
86000US93222,93222,683,589,94
86000US93223,93223,2760,1754,1006
86000US93224,93224,159,103,56
86000US93225,93225,1812,1090,722
86000US93226,93226,107,89,18
86000US93230,93230,21799,12449,9350
86000US93234,93234,1852,512,1340
86000US93235,93235,1245,698,547
86000US93238,93238,538,332,206
86000US93239,93239,349,158,191
86000US93240,93240,2707,1631,1076
86000US93241,93241,4150,1601,2549
86000US93242,93242,1056,506,550
86000US93243,93243,776,486,290
86000US93244,93244,160,134,26
86000US93245,93245,12194,5505,6689
86000US93247,93247,5246,2867,2379
86000US93249,93249,541,178,363
86000US93250,93250,3733,2070,1663
86000US93251,93251,78,49,29
86000US93252,93252,542,311,231
86000US93254,93254,280,157,123
86000US93255,93255,326,277,49
86000US93256,93256,1560,575,985
86000US93257,93257,21804,11601,10203
86000US93258,93258,558,259,299
86000US93260,93260,87,57,30
86000US93261,93261,743,296,447
86000US93262,93262,0,0,0
86000US93263,93263,5516,2834,2682
86000US93265,93265,1717,1399,318
86000US93266,93266,339,105,234
86000US93267,93267,1774,974,800
86000US93268,93268,5710,3003,2707
86000US93270,93270,1569,974,595
86000US93271,93271,1075,882,193
86000US93272,93272,1094,404,690
86000US93274,93274,21580,11902,9678
86000US93276,93276,61,28,33
86000US93277,93277,18022,10094,7928
86000US93280,93280,6251,3557,2694
86000US93283,93283,1028,784,244
86000US93285,93285,1208,1021,187
86000US93286,93286,2859,1709,1150
86000US93287,93287,45,45,0
86000US93291,93291,16769,10589,6180
86000US93292,93292,13275,8113,5162
86000US93301,93301,4651,1367,3284
86000US93304,93304,15060,6672,8388
86000US93305,93305,10844,3831,7013
86000US93306,93306,22240,14212,8028
86000US93307,93307,22006,11357,10649
86000US93308,93308,19454,8888,10566
86000US93309,93309,21718,9807,11911
86000US93311,93311,14551,10339,4212
86000US93312,93312,19560,15267,4293
86000US93313,93313,13981,10140,3841
86000US93314,93314,8934,7557,1377
86000US93401,93401,12088,5590,6498
86000US93402,93402,6503,4503,2000
86000US93405,93405,8574,2945,5629
86000US93410,93410,0,0,0
86000US93420,93420,11634,7989,3645
86000US93422,93422,12791,8282,4509
86000US93424,93424,512,277,235
86000US93426,93426,497,396,101
86000US93427,93427,2123,1430,693
86000US93428,93428,2881,2101,780
86000US93429,93429,36,36,0
86000US93430,93430,1478,905,573
86000US93432,93432,451,402,49
86000US93433,93433,5216,2366,2850
86000US93434,93434,2014,1028,986
86000US93436,93436,17978,9196,8782
86000US93437,93437,917,0,917
86000US93440,93440,485,258,227
86000US93441,93441,403,292,111
86000US93442,93442,4968,2939,2029
86000US93444,93444,7148,5333,1815
86000US93445,93445,2468,1458,1010
86000US93446,93446,17438,11546,5892
86000US93449,93449,4245,2627,1618
86000US93450,93450,229,49,180
86000US93451,93451,1331,848,483
86000US93452,93452,277,66,211
86000US93453,93453,1309,925,384
86000US93454,93454,11695,6066,5629
86000US93455,93455,15245,11283,3962
86000US93458,93458,13230,5845,7385
86000US93460,93460,1939,1493,446
86000US93461,93461,539,266,273
86000US93463,93463,3247,2044,1203
86000US93465,93465,3285,2469,816
86000US93501,93501,1845,744,1101
86000US93505,93505,4008,2040,1968
86000US93510,93510,2703,2478,225
86000US93512,93512,134,112,22
86000US93513,93513,750,532,218
86000US93514,93514,6159,4067,2092
86000US93516,93516,986,539,447
86000US93517,93517,232,226,6
86000US93518,93518,425,318,107
86000US93519,93519,22,22,0
86000US93522,93522,43,43,0
86000US93523,93523,1141,220,921
86000US93524,93524,0,0,0
86000US93526,93526,288,196,92
86000US93527,93527,675,492,183
86000US93528,93528,80,30,50
86000US93529,93529,200,161,39
86000US93530,93530,15,15,0
86000US93531,93531,129,103,26
86000US93532,93532,1039,776,263
86000US93534,93534,13943,4664,9279
86000US93535,93535,20976,11795,9181
86000US93536,93536,21529,14617,6912
86000US93541,93541,146,91,55
86000US93543,93543,3711,2428,1283
86000US93544,93544,521,472,49
86000US93545,93545,829,469,360
86000US93546,93546,3080,1599,1481
86000US93549,93549,112,89,23
86000US93550,93550,21577,11367,10210
86000US93551,93551,15932,12232,3700
86000US93552,93552,9972,7535,2437
86000US93553,93553,724,541,183
86000US93554,93554,56,47,9
86000US93555,93555,12980,8464,4516
86000US93558,93558,31,15,16
86000US93560,93560,6969,4361,2608
86000US93561,93561,11574,8704,2870
86000US93562,93562,756,391,365
86000US93563,93563,127,90,37
86000US93591,93591,1886,1328,558
86000US93592,93592,49,26,23
86000US93601,93601,652,491,161
86000US93602,93602,1499,1289,210
86000US93603,93603,73,46,27
86000US93604,93604,310,295,15
86000US93605,93605,53,17,36
86000US93606,93606,221,123,98
86000US93608,93608,270,126,144
86000US93609,93609,1538,803,735
86000US93610,93610,4891,2481,2410
86000US93611,93611,15615,11345,4270
86000US93612,93612,13606,4883,8723
86000US93614,93614,4562,3996,566
86000US93615,93615,1521,676,845
86000US93616,93616,686,369,317
86000US93618,93618,8074,4221,3853
86000US93619,93619,12342,10641,1701
86000US93620,93620,2826,1723,1103
86000US93621,93621,64,33,31
86000US93622,93622,2820,1149,1671
86000US93623,93623,58,58,0
86000US93624,93624,218,6,212
86000US93625,93625,2350,1191,1159
86000US93626,93626,722,605,117
86000US93627,93627,39,0,39
86000US93628,93628,87,38,49
86000US93630,93630,5341,2696,2645
86000US93631,93631,5350,3459,1891
86000US93633,93633,0,0,0
86000US93634,93634,2,2,0
86000US93635,93635,11353,6248,5105
86000US93636,93636,4044,3611,433
86000US93637,93637,12305,7111,5194
86000US93638,93638,12275,6330,5945
86000US93640,93640,2847,1012,1835
86000US93641,93641,113,91,22
86000US93643,93643,1257,1003,254
86000US93644,93644,3543,2545,998
86000US93645,93645,88,88,0
86000US93646,93646,2786,1149,1637
86000US93647,93647,2889,1415,1474
86000US93648,93648,4299,1827,2472
86000US93650,93650,1308,599,709
86000US93651,93651,713,621,92
86000US93652,93652,103,37,66
86000US93653,93653,530,474,56
86000US93654,93654,8753,5682,3071
86000US93656,93656,1670,883,787
86000US93657,93657,10529,6560,3969
86000US93660,93660,1120,412,708
86000US93662,93662,8496,4916,3580
86000US93664,93664,210,167,43
86000US93665,93665,250,214,36
86000US93666,93666,231,39,192
86000US93667,93667,875,680,195
86000US93668,93668,359,203,156
86000US93669,93669,80,47,33
86000US93673,93673,184,99,85
86000US93675,93675,1286,1158,128
86000US93701,93701,3376,495,2881
86000US93702,93702,11894,4080,7814
86000US93703,93703,9889,3721,6168
86000US93704,93704,11302,6034,5268
86000US93705,93705,12109,4990,7119
86000US93706,93706,11087,4430,6657
86000US93710,93710,11238,4487,6751
86000US93711,93711,15945,9401,6544
86000US93720,93720,17979,10295,7684
86000US93721,93721,2000,227,1773
86000US93722,93722,24718,14039,10679
86000US93723,93723,3836,3104,732
86000US93725,93725,6666,3547,3119
86000US93726,93726,14130,5454,8676
86000US93727,93727,24224,13907,10317
86000US93728,93728,5781,2350,3431
86000US93730,93730,4223,3159,1064
86000US93901,93901,9690,4059,5631
86000US93905,93905,12899,4952,7947
86000US93906,93906,16920,8860,8060
86000US93907,93907,7235,5207,2028
86000US93908,93908,4514,3681,833
86000US93920,93920,485,95,390
86000US93921,93921,1674,1007,667
86000US93923,93923,5489,4243,1246
86000US93924,93924,2550,1891,659
86000US93925,93925,420,166,254
86000US93926,93926,2315,1100,1215
86000US93927,93927,4133,1883,2250
86000US93928,93928,17,0,17
86000US93930,93930,4255,2163,2092
86000US93932,93932,260,135,125
86000US93933,93933,8838,3560,5278
86000US93940,93940,13044,5559,7485
86000US93943,93943,0,0,0
86000US93950,93950,6845,3254,3591
86000US93953,93953,1750,1455,295
86000US93954,93954,100,42,58
86000US93955,93955,10606,4280,6326
86000US93960,93960,4081,2412,1669
86000US93962,93962,142,75,67
86000US94002,94002,10380,6308,4072
86000US94005,94005,1836,1354,482
86000US94010,94010,16037,9460,6577
86000US94014,94014,14028,8169,5859
86000US94015,94015,20052,11199,8853
86000US94019,94019,7328,5124,2204
86000US94020,94020,607,436,171
86000US94021,94021,61,14,47
86000US94022,94022,7165,5776,1389
86000US94024,94024,7845,6979,866
86000US94025,94025,14964,9172,5792
86000US94027,94027,2313,2132,181
86000US94028,94028,2543,2056,487
86000US94030,94030,8047,5161,2886
86000US94037,94037,1064,905,159
86000US94038,94038,1110,857,253
86000US94040,94040,14444,6016,8428
86000US94041,94041,6368,2008,4360
86000US94043,94043,13024,5965,7059
86000US94044,94044,13954,9591,4363
86000US94060,94060,318,239,79
86000US94061,94061,13894,7113,6781
86000US94062,94062,10248,7537,2711
86000US94063,94063,10092,3596,6496
86000US94065,94065,5192,3593,1599
86000US94066,94066,14807,8546,6261
86000US94070,94070,11638,8459,3179
86000US94074,94074,94,74,20
86000US94080,94080,21204,12974,8230
86000US94085,94085,8361,3124,5237
86000US94086,94086,19461,6377,13084
86000US94087,94087,20180,11559,8621
86000US94089,94089,8101,4913,3188
86000US94102,94102,17841,1478,16363
86000US94103,94103,14841,2310,12531
86000US94104,94104,272,36,236
86000US94105,94105,4908,2096,2812
86000US94107,94107,13961,5632,8329
86000US94108,94108,7833,805,7028
86000US94109,94109,33108,5301,27807
86000US94110,94110,27736,10001,17735
86000US94111,94111,2160,459,1701
86000US94112,94112,23266,14961,8305
86000US94114,94114,16860,7642,9218
86000US94115,94115,17208,4641,12567
86000US94116,94116,16247,11174,5073
86000US94117,94117,18204,5505,12699
86000US94118,94118,17657,6229,11428
86000US94121,94121,17641,7760,9881
86000US94122,94122,23141,11310,11831
86000US94123,94123,13918,3629,10289
86000US94124,94124,11041,5694,5347
86000US94127,94127,7532,5995,1537
86000US94128,94128,0,0,0
86000US94129,94129,1288,11,1277
86000US94130,94130,595,0,595
86000US94131,94131,13284,7392,5892
86000US94132,94132,10280,4408,5872
86000US94133,94133,12995,2491,10504
86000US94134,94134,12044,7289,4755
86000US94158,94158,3812,1026,2786
86000US94301,94301,7177,3668,3509
86000US94303,94303,14004,7474,6530
86000US94304,94304,1845,241,1604
86000US94305,94305,3459,964,2495
86000US94306,94306,10676,5964,4712
86000US94401,94401,12459,6076,6383
86000US94402,94402,9623,6561,3062
86000US94403,94403,16382,9092,7290
86000US94404,94404,14260,8249,6011
86000US94501,94501,25347,10454,14893
86000US94502,94502,5018,3991,1027
86000US94503,94503,5442,4211,1231
86000US94505,94505,5473,4423,1050
86000US94506,94506,8279,7372,907
86000US94507,94507,5335,4990,345
86000US94508,94508,1073,592,481
86000US94509,94509,21586,11793,9793
86000US94510,94510,11179,7952,3227
86000US94511,94511,885,742,143
86000US94512,94512,16,16,0
86000US94513,94513,20386,15403,4983
86000US94514,94514,447,331,116
86000US94515,94515,2970,1838,1132
86000US94516,94516,66,46,20
86000US94517,94517,4731,4376,355
86000US94518,94518,10539,7178,3361
86000US94519,94519,6949,4820,2129
86000US94520,94520,13531,4501,9030
86000US94521,94521,16088,11374,4714
86000US94523,94523,13863,8796,5067
86000US94525,94525,1404,708,696
86000US94526,94526,12233,10183,2050
86000US94528,94528,163,163,0
86000US94530,94530,10202,6025,4177
86000US94531,94531,12507,8763,3744
86000US94533,94533,23867,12658,11209
86000US94534,94534,12979,9883,3096
86000US94535,94535,1057,15,1042
86000US94536,94536,24517,14080,10437
86000US94538,94538,22095,10320,11775
86000US94539,94539,16317,13527,2790
86000US94541,94541,21713,9405,12308
86000US94542,94542,4330,2860,1470
86000US94544,94544,22991,10839,12152
86000US94545,94545,9340,6495,2845
86000US94546,94546,16325,10780,5545
86000US94547,94547,8098,6525,1573
86000US94548,94548,197,146,51
86000US94549,94549,10869,8101,2768
86000US94550,94550,18036,13187,4849
86000US94551,94551,15530,11163,4367
86000US94552,94552,5112,4584,528
86000US94553,94553,18949,12711,6238
86000US94555,94555,11545,7947,3598
86000US94556,94556,5949,4821,1128
86000US94558,94558,24302,16349,7953
86000US94559,94559,10211,5015,5196
86000US94560,94560,13677,9466,4211
86000US94561,94561,12216,9346,2870
86000US94563,94563,7071,6341,730
86000US94564,94564,6666,4629,2037
86000US94565,94565,27947,15735,12212
86000US94566,94566,16434,11839,4595
86000US94567,94567,251,169,82
86000US94568,94568,18310,11676,6634
86000US94569,94569,108,24,84
86000US94571,94571,4555,3648,907
86000US94572,94572,3329,2033,1296
86000US94573,94573,10,0,10
86000US94574,94574,3614,2276,1338
86000US94575,94575,0,0,0
86000US94576,94576,38,30,8
86000US94577,94577,17193,9304,7889
86000US94578,94578,14538,5676,8862
86000US94579,94579,7052,5140,1912
86000US94580,94580,8917,6157,2760
86000US94582,94582,13620,9566,4054
86000US94583,94583,12003,8723,3280
86000US94585,94585,9395,5639,3756
86000US94586,94586,317,243,74
86000US94587,94587,21484,13839,7645
86000US94588,94588,12551,8517,4034
86000US94589,94589,9643,5823,3820
86000US94590,94590,14557,5465,9092
86000US94591,94591,18658,12130,6528
86000US94592,94592,308,231,77
86000US94595,94595,9628,8100,1528
86000US94596,94596,9736,4024,5712
86000US94597,94597,10388,5015,5373
86000US94598,94598,10247,7816,2431
86000US94599,94599,1418,986,432
86000US94601,94601,15430,4880,10550
86000US94602,94602,11854,6790,5064
86000US94603,94603,9901,4540,5361
86000US94605,94605,15951,8973,6978
86000US94606,94606,15201,2901,12300
86000US94607,94607,11300,3492,7808
86000US94608,94608,14114,5144,8970
86000US94609,94609,9740,2804,6936
86000US94610,94610,15327,5626,9701
86000US94611,94611,17494,10482,7012
86000US94612,94612,8788,733,8055
86000US94613,94613,4,0,4
86000US94618,94618,7285,4702,2583
86000US94619,94619,9063,5967,3096
86000US94621,94621,9602,3123,6479
86000US94702,94702,7466,3381,4085
86000US94703,94703,8729,3683,5046
86000US94704,94704,7998,853,7145
86000US94705,94705,5805,3254,2551
86000US94706,94706,7905,3732,4173
86000US94707,94707,4861,4071,790
86000US94708,94708,4812,4106,706
86000US94709,94709,5004,1428,3576
86000US94710,94710,2936,1004,1932
86000US94720,94720,22,22,0
86000US94801,94801,9263,4068,5195
86000US94803,94803,9400,6780,2620
86000US94804,94804,14419,6519,7900
86000US94805,94805,5299,3285,2014
86000US94806,94806,19773,9172,10601
86000US94850,94850,0,0,0
86000US94901,94901,15679,7082,8597
86000US94903,94903,12139,8450,3689
86000US94904,94904,5355,3433,1922
86000US94920,94920,5355,3773,1582
86000US94922,94922,230,145,85
86000US94923,94923,500,303,197
86000US94924,94924,562,351,211
86000US94925,94925,3893,2697,1196
86000US94928,94928,15998,8438,7560
86000US94929,94929,76,43,33
86000US94930,94930,3810,2631,1179
86000US94931,94931,3229,1924,1305
86000US94933,94933,289,156,133
86000US94937,94937,417,216,201
86000US94938,94938,330,278,52
86000US94939,94939,3307,1699,1608
86000US94940,94940,93,77,16
86000US94941,94941,13429,9167,4262
86000US94945,94945,7306,4822,2484
86000US94946,94946,288,220,68
86000US94947,94947,10358,7831,2527
86000US94949,94949,7202,4528,2674
86000US94950,94950,63,35,28
86000US94951,94951,1811,1316,495
86000US94952,94952,13726,8218,5508
86000US94954,94954,13754,9334,4420
86000US94956,94956,657,332,325
86000US94957,94957,474,404,70
86000US94960,94960,6380,4874,1506
86000US94963,94963,172,150,22
86000US94964,94964,97,11,86
86000US94965,94965,5905,2827,3078
86000US94970,94970,360,223,137
86000US94971,94971,144,88,56
86000US94972,94972,12,12,0
86000US94973,94973,751,593,158
86000US95002,95002,560,393,167
86000US95003,95003,10153,7550,2603
86000US95004,95004,1252,942,310
86000US95005,95005,2787,2036,751
86000US95006,95006,3991,3003,988
86000US95007,95007,286,238,48
86000US95008,95008,18256,9415,8841
86000US95010,95010,4095,2007,2088
86000US95012,95012,2482,1069,1413
86000US95013,95013,28,12,16
86000US95014,95014,21378,12625,8753
86000US95017,95017,260,160,100
86000US95018,95018,2856,2212,644
86000US95019,95019,2277,772,1505
86000US95020,95020,18743,11632,7111
86000US95023,95023,15429,9948,5481
86000US95030,95030,5070,3663,1407
86000US95032,95032,9836,6819,3017
86000US95033,95033,3608,3030,578
86000US95035,95035,22688,14705,7983
86000US95037,95037,17265,12611,4654
86000US95039,95039,349,237,112
86000US95041,95041,82,28,54
86000US95043,95043,277,168,109
86000US95045,95045,1378,710,668
86000US95046,95046,1755,1228,527
86000US95050,95050,14270,4752,9518
86000US95051,95051,21161,10274,10887
86000US95053,95053,8,8,0
86000US95054,95054,8360,3669,4691
86000US95060,95060,18617,9464,9153
86000US95062,95062,15106,7852,7254
86000US95064,95064,473,177,296
86000US95065,95065,3199,2234,965
86000US95066,95066,5644,3968,1676
86000US95070,95070,11091,9418,1673
86000US95073,95073,3926,2892,1034
86000US95075,95075,153,93,60
86000US95076,95076,23480,12538,10942
86000US95110,95110,6377,2431,3946
86000US95111,95111,15783,9313,6470
86000US95112,95112,20316,5879,14437
86000US95113,95113,1115,180,935
86000US95116,95116,14407,5395,9012
86000US95117,95117,10722,4000,6722
86000US95118,95118,11265,7551,3714
86000US95119,95119,3263,2433,830
86000US95120,95120,12516,11124,1392
86000US95121,95121,9709,7060,2649
86000US95122,95122,12741,6381,6360
86000US95123,95123,22645,14371,8274
86000US95124,95124,17057,12655,4402
86000US95125,95125,20966,13599,7367
86000US95126,95126,14939,5008,9931
86000US95127,95127,16567,10929,5638
86000US95128,95128,13785,5562,8223
86000US95129,95129,13875,8399,5476
86000US95130,95130,5137,3067,2070
86000US95131,95131,9528,6215,3313
86000US95132,95132,12127,8877,3250
86000US95133,95133,8648,4996,3652
86000US95134,95134,11419,1885,9534
86000US95135,95135,7450,6372,1078
86000US95136,95136,15767,9110,6657
86000US95138,95138,6172,5338,834
86000US95139,95139,2249,1766,483
86000US95140,95140,79,44,35
86000US95148,95148,12092,9888,2204
86000US95202,95202,2850,134,2716
86000US95203,95203,5498,1955,3543
86000US95204,95204,11186,5730,5456
86000US95205,95205,10855,4519,6336
86000US95206,95206,17277,8788,8489
86000US95207,95207,18222,6972,11250
86000US95209,95209,13121,8755,4366
86000US95210,95210,11805,5278,6527
86000US95211,95211,0,0,0
86000US95212,95212,7038,5097,1941
86000US95215,95215,6795,3988,2807
86000US95219,95219,10895,5999,4896
86000US95220,95220,2547,1790,757
86000US95222,95222,2380,1560,820
86000US95223,95223,1363,1060,303
86000US95224,95224,125,113,12
86000US95225,95225,161,61,100
86000US95226,95226,16,0,16
86000US95227,95227,261,182,79
86000US95228,95228,1731,1526,205
86000US95230,95230,183,91,92
86000US95231,95231,801,317,484
86000US95232,95232,80,80,0
86000US95233,95233,198,133,65
86000US95234,95234,26,0,26
86000US95236,95236,1532,1046,486
86000US95237,95237,1250,888,362
86000US95240,95240,16319,8002,8317
86000US95242,95242,10046,6379,3667
86000US95245,95245,774,621,153
86000US95246,95246,609,469,140
86000US95247,95247,1769,1445,324
86000US95248,95248,94,80,14
86000US95249,95249,1571,984,587
86000US95250,95250,0,0,0
86000US95251,95251,258,227,31
86000US95252,95252,5011,4125,886
86000US95254,95254,431,431,0
86000US95255,95255,670,487,183
86000US95257,95257,190,131,59
86000US95258,95258,1501,1151,350
86000US95301,95301,11611,6654,4957
86000US95303,95303,316,121,195
86000US95304,95304,3734,2659,1075
86000US95305,95305,17,0,17
86000US95306,95306,492,377,115
86000US95307,95307,12408,7409,4999
86000US95310,95310,992,652,340
86000US95311,95311,841,694,147
86000US95312,95312,91,62,29
86000US95313,95313,447,224,223
86000US95314,95314,0,0,0
86000US95315,95315,3636,2356,1280
86000US95316,95316,2114,1547,567
86000US95317,95317,270,101,169
86000US95318,95318,127,20,107
86000US95319,95319,569,225,344
86000US95320,95320,4530,3033,1497
86000US95321,95321,1669,1219,450
86000US95322,95322,3288,1932,1356
86000US95323,95323,392,232,160
86000US95324,95324,2757,1686,1071
86000US95325,95325,47,34,13
86000US95326,95326,3371,2109,1262
86000US95327,95327,2447,1957,490
86000US95328,95328,1219,715,504
86000US95329,95329,1062,787,275
86000US95330,95330,5453,3871,1582
86000US95333,95333,823,562,261
86000US95334,95334,4532,2374,2158
86000US95335,95335,109,23,86
86000US95336,95336,15429,8962,6467
86000US95337,95337,11538,7255,4283
86000US95338,95338,4843,3353,1490
86000US95340,95340,11964,6306,5658
86000US95341,95341,8365,3499,4866
86000US95345,95345,394,232,162
86000US95346,95346,726,484,242
86000US95348,95348,10895,4144,6751
86000US95350,95350,19826,9855,9971
86000US95351,95351,13330,5895,7435
86000US95354,95354,8818,4201,4617
86000US95355,95355,21291,12817,8474
86000US95356,95356,11628,7345,4283
86000US95357,95357,3602,2598,1004
86000US95358,95358,8973,5172,3801
86000US95360,95360,3830,2420,1410
86000US95361,95361,12020,7593,4427
86000US95363,95363,7273,4577,2696
86000US95364,95364,0,0,0
86000US95365,95365,1324,721,603
86000US95366,95366,5944,4177,1767
86000US95367,95367,7360,5128,2232
86000US95368,95368,4061,2808,1253
86000US95369,95369,374,180,194
86000US95370,95370,11877,7940,3937
86000US95372,95372,826,678,148
86000US95374,95374,527,278,249
86000US95375,95375,0,0,0
86000US95376,95376,15783,8803,6980
86000US95377,95377,9025,6514,2511
86000US95379,95379,1492,930,562
86000US95380,95380,14121,6460,7661
86000US95382,95382,13344,7942,5402
86000US95383,95383,1811,1409,402
86000US95385,95385,176,73,103
86000US95386,95386,2976,2034,942
86000US95387,95387,167,20,147
86000US95388,95388,3968,2068,1900
86000US95389,95389,266,45,221
86000US95391,95391,4399,3173,1226
86000US95401,95401,13505,7145,6360
86000US95403,95403,16532,8772,7760
86000US95404,95404,16294,9155,7139
86000US95405,95405,8369,4932,3437
86000US95407,95407,12702,6522,6180
86000US95409,95409,12176,7832,4344
86000US95410,95410,477,308,169
86000US95412,95412,152,117,35
86000US95415,95415,414,200,214
86000US95417,95417,157,107,50
86000US95420,95420,227,160,67
86000US95421,95421,732,531,201
86000US95422,95422,6129,3051,3078
86000US95423,95423,1679,1205,474
86000US95425,95425,3935,2631,1304
86000US95426,95426,591,456,135
86000US95427,95427,126,67,59
86000US95428,95428,947,657,290
86000US95429,95429,64,64,0
86000US95430,95430,7,0,7
86000US95431,95431,0,0,0
86000US95432,95432,240,137,103
86000US95435,95435,14,14,0
86000US95436,95436,2852,2058,794
86000US95437,95437,5872,3382,2490
86000US95439,95439,232,112,120
86000US95441,95441,670,333,337
86000US95442,95442,1381,853,528
86000US95443,95443,139,36,103
86000US95444,95444,244,158,86
86000US95445,95445,1034,853,181
86000US95446,95446,2418,1548,870
86000US95448,95448,6893,4382,2511
86000US95449,95449,508,242,266
86000US95450,95450,160,69,91
86000US95451,95451,4724,3582,1142
86000US95452,95452,481,464,17
86000US95453,95453,4618,2986,1632
86000US95454,95454,1147,791,356
86000US95456,95456,437,286,151
86000US95457,95457,1347,1092,255
86000US95458,95458,1206,770,436
86000US95459,95459,232,176,56
86000US95460,95460,1129,744,385
86000US95461,95461,1037,625,412
86000US95462,95462,622,454,168
86000US95463,95463,89,73,16
86000US95464,95464,963,679,284
86000US95465,95465,1027,803,224
86000US95466,95466,333,140,193
86000US95467,95467,2284,1684,600
86000US95468,95468,599,322,277
86000US95469,95469,779,425,354
86000US95470,95470,2016,1461,555
86000US95471,95471,261,130,131
86000US95472,95472,12565,8514,4051
86000US95476,95476,15296,9906,5390
86000US95482,95482,11396,6154,5242
86000US95485,95485,1058,874,184
86000US95486,95486,56,17,39
86000US95488,95488,107,62,45
86000US95490,95490,5340,3066,2274
86000US95492,95492,10056,7537,2519
86000US95493,95493,123,93,30
86000US95494,95494,47,20,27
86000US95497,95497,601,483,118
86000US95501,95501,9870,4082,5788
86000US95503,95503,9863,6618,3245
86000US95511,95511,116,89,27
86000US95514,95514,56,56,0
86000US95519,95519,7333,4754,2579
86000US95521,95521,8567,3872,4695
86000US95524,95524,757,594,163
86000US95525,95525,661,396,265
86000US95526,95526,124,96,28
86000US95527,95527,309,252,57
86000US95528,95528,493,391,102
86000US95531,95531,8337,5119,3218
86000US95536,95536,1079,568,511
86000US95537,95537,189,114,75
86000US95540,95540,5395,3108,2287
86000US95542,95542,1024,594,430
86000US95543,95543,267,216,51
86000US95545,95545,36,36,0
86000US95546,95546,1219,864,355
86000US95547,95547,436,316,120
86000US95548,95548,425,254,171
86000US95549,95549,364,293,71
86000US95550,95550,32,5,27
86000US95551,95551,572,333,239
86000US95552,95552,315,244,71
86000US95553,95553,469,244,225
86000US95554,95554,120,95,25
86000US95555,95555,148,69,79
86000US95556,95556,248,177,71
86000US95558,95558,198,150,48
86000US95559,95559,50,19,31
86000US95560,95560,570,303,267
86000US95562,95562,1405,785,620
86000US95563,95563,312,187,125
86000US95564,95564,165,40,125
86000US95565,95565,301,59,242
86000US95567,95567,770,526,244
86000US95568,95568,78,60,18
86000US95569,95569,134,101,33
86000US95570,95570,1021,803,218
86000US95571,95571,121,94,27
86000US95573,95573,665,383,282
86000US95585,95585,224,139,85
86000US95587,95587,39,39,0
86000US95589,95589,503,385,118
86000US95595,95595,70,61,9
86000US95601,95601,64,30,34
86000US95602,95602,7069,5306,1763
86000US95603,95603,11851,7757,4094
86000US95604,95604,53,41,12
86000US95605,95605,4925,1816,3109
86000US95606,95606,99,51,48
86000US95607,95607,147,147,0
86000US95608,95608,25109,13690,11419
86000US95610,95610,17670,8601,9069
86000US95612,95612,406,253,153
86000US95614,95614,1534,1361,173
86000US95615,95615,289,80,209
86000US95616,95616,17381,6109,11272
86000US95618,95618,9571,5528,4043
86000US95619,95619,2030,1497,533
86000US95620,95620,6660,4472,2188
86000US95621,95621,16303,10540,5763
86000US95623,95623,1479,1264,215
86000US95624,95624,19612,15009,4603
86000US95625,95625,59,9,50
86000US95626,95626,1999,1558,441
86000US95627,95627,1209,795,414
86000US95628,95628,16087,11087,5000
86000US95629,95629,281,195,86
86000US95630,95630,27251,19075,8176
86000US95631,95631,2582,2050,532
86000US95632,95632,9716,6987,2729
86000US95633,95633,1306,1265,41
86000US95634,95634,1386,1022,364
86000US95635,95635,392,361,31
86000US95636,95636,451,451,0
86000US95637,95637,83,36,47
86000US95638,95638,750,703,47
86000US95639,95639,109,44,65
86000US95640,95640,2938,2244,694
86000US95641,95641,732,477,255
86000US95642,95642,2991,2091,900
86000US95645,95645,616,320,296
86000US95646,95646,27,6,21
86000US95648,95648,19420,15449,3971
86000US95650,95650,5161,4214,947
86000US95651,95651,280,236,44
86000US95652,95652,173,0,173
86000US95653,95653,137,109,28
86000US95655,95655,1367,1075,292
86000US95658,95658,2727,2235,492
86000US95659,95659,360,209,151
86000US95660,95660,10671,5484,5187
86000US95661,95661,12084,7312,4772
86000US95662,95662,12055,8692,3363
86000US95663,95663,883,790,93
86000US95664,95664,537,387,150
86000US95665,95665,1764,1438,326
86000US95666,95666,2312,1988,324
86000US95667,95667,14222,11032,3190
86000US95668,95668,279,193,86
86000US95669,95669,853,677,176
86000US95670,95670,20519,11258,9261
86000US95672,95672,1842,1608,234
86000US95673,95673,4839,3464,1375
86000US95674,95674,290,211,79
86000US95675,95675,215,160,55
86000US95677,95677,9153,6181,2972
86000US95678,95678,16437,8964,7473
86000US95679,95679,26,26,0
86000US95680,95680,10,10,0
86000US95681,95681,354,271,83
86000US95682,95682,11010,8239,2771
86000US95683,95683,2543,2323,220
86000US95684,95684,1344,1064,280
86000US95685,95685,1968,1347,621
86000US95686,95686,371,186,185
86000US95687,95687,22429,13473,8956
86000US95688,95688,13234,8681,4553
86000US95689,95689,703,646,57
86000US95690,95690,757,413,344
86000US95691,95691,13266,8085,5181
86000US95692,95692,1787,1163,624
86000US95693,95693,2431,1977,454
86000US95694,95694,3594,2342,1252
86000US95695,95695,14625,7768,6857
86000US95697,95697,144,118,26
86000US95698,95698,69,34,35
86000US95699,95699,20,20,0
86000US95701,95701,335,269,66
86000US95703,95703,424,361,63
86000US95709,95709,1929,1694,235
86000US95713,95713,3946,2964,982
86000US95714,95714,207,153,54
86000US95715,95715,40,34,6
86000US95717,95717,70,40,30
86000US95720,95720,37,35,2
86000US95721,95721,15,15,0
86000US95722,95722,1951,1787,164
86000US95724,95724,0,0,0
86000US95726,95726,3343,2641,702
86000US95728,95728,103,75,28
86000US95735,95735,6,6,0
86000US95736,95736,45,0,45
86000US95742,95742,3507,3003,504
86000US95746,95746,8249,7171,1078
86000US95747,95747,22670,17575,5095
86000US95757,95757,13852,10083,3769
86000US95758,95758,21018,14427,6591
86000US95762,95762,14147,12359,1788
86000US95765,95765,12447,8384,4063
86000US95776,95776,7432,4617,2815
86000US95811,95811,3299,636,2663
86000US95814,95814,6425,486,5939
86000US95815,95815,9236,3075,6161
86000US95816,95816,9874,2882,6992
86000US95817,95817,6004,2446,3558
86000US95818,95818,9774,5109,4665
86000US95819,95819,7972,5489,2483
86000US95820,95820,12708,6703,6005
86000US95821,95821,14788,6275,8513
86000US95822,95822,15993,8905,7088
86000US95823,95823,23359,10673,12686
86000US95824,95824,8925,3425,5500
86000US95825,95825,15976,3842,12134
86000US95826,95826,15032,7839,7193
86000US95827,95827,7232,4177,3055
86000US95828,95828,17762,10726,7036
86000US95829,95829,8279,6341,1938
86000US95830,95830,290,271,19
86000US95831,95831,18587,10482,8105
86000US95832,95832,3156,1391,1765
86000US95833,95833,14722,6264,8458
86000US95834,95834,10141,4296,5845
86000US95835,95835,13526,8370,5156
86000US95837,95837,115,84,31
86000US95838,95838,11083,5539,5544
86000US95841,95841,8212,2859,5353
86000US95842,95842,11230,5227,6003
86000US95843,95843,14206,9550,4656
86000US95864,95864,9343,7073,2270
86000US95901,95901,11785,6049,5736
86000US95903,95903,343,0,343
86000US95910,95910,37,37,0
86000US95912,95912,1506,982,524
86000US95914,95914,368,283,85
86000US95915,95915,0,0,0
86000US95916,95916,512,415,97
86000US95917,95917,1147,766,381
86000US95918,95918,1109,929,180
86000US95919,95919,539,429,110
86000US95920,95920,115,89,26
86000US95922,95922,225,178,47
86000US95923,95923,14,14,0
86000US95925,95925,161,101,60
86000US95926,95926,14986,6466,8520
86000US95928,95928,14463,6702,7761
86000US95930,95930,63,43,20
86000US95932,95932,2802,1585,1217
86000US95934,95934,144,109,35
86000US95935,95935,219,98,121
86000US95936,95936,86,39,47
86000US95937,95937,517,382,135
86000US95938,95938,1534,968,566
86000US95939,95939,212,88,124
86000US95941,95941,283,240,43
86000US95942,95942,321,321,0
86000US95943,95943,339,189,150
86000US95944,95944,20,9,11
86000US95945,95945,11136,6347,4789
86000US95946,95946,3950,3234,716
86000US95947,95947,812,655,157
86000US95948,95948,3645,2112,1533
86000US95949,95949,8347,7373,974
86000US95950,95950,126,37,89
86000US95951,95951,856,515,341
86000US95953,95953,3275,2036,1239
86000US95954,95954,5346,4201,1145
86000US95955,95955,523,325,198
86000US95956,95956,135,135,0
86000US95957,95957,316,190,126
86000US95959,95959,7510,5896,1614
86000US95960,95960,352,231,121
86000US95961,95961,8821,5604,3217
86000US95962,95962,617,457,160
86000US95963,95963,5352,3326,2026
86000US95965,95965,6892,3924,2968
86000US95966,95966,11181,7871,3310
86000US95968,95968,486,334,152
86000US95969,95969,11762,8367,3395
86000US95970,95970,237,161,76
86000US95971,95971,2413,1466,947
86000US95973,95973,14041,8542,5499
86000US95974,95974,17,0,17
86000US95975,95975,658,551,107
86000US95977,95977,703,530,173
86000US95978,95978,58,19,39
86000US95979,95979,206,132,74
86000US95981,95981,12,12,0
86000US95982,95982,1150,868,282
86000US95983,95983,177,163,14
86000US95984,95984,33,33,0
86000US95986,95986,30,24,6
86000US95987,95987,1803,1197,606
86000US95988,95988,3220,1847,1373
86000US95991,95991,14321,6724,7597
86000US95993,95993,12116,7994,4122
86000US96001,96001,13939,8033,5906
86000US96002,96002,12658,7332,5326
86000US96003,96003,18058,10519,7539
86000US96006,96006,166,148,18
86000US96007,96007,9051,6099,2952
86000US96008,96008,490,449,41
86000US96009,96009,177,151,26
86000US96010,96010,57,49,8
86000US96011,96011,68,43,25
86000US96013,96013,1745,1052,693
86000US96014,96014,88,47,41
86000US96015,96015,69,21,48
86000US96016,96016,173,156,17
86000US96017,96017,78,56,22
86000US96019,96019,3744,2350,1394
86000US96020,96020,1019,690,329
86000US96021,96021,5693,3717,1976
86000US96022,96022,6218,4859,1359
86000US96023,96023,464,303,161
86000US96024,96024,443,356,87
86000US96025,96025,950,562,388
86000US96027,96027,1001,776,225
86000US96028,96028,505,427,78
86000US96029,96029,73,56,17
86000US96031,96031,60,54,6
86000US96032,96032,1067,718,349
86000US96033,96033,218,167,51
86000US96034,96034,125,63,62
86000US96035,96035,1290,938,352
86000US96037,96037,144,102,42
86000US96038,96038,294,155,139
86000US96039,96039,449,267,182
86000US96040,96040,102,102,0
86000US96041,96041,1239,768,471
86000US96044,96044,456,323,133
86000US96046,96046,79,54,25
86000US96047,96047,365,291,74
86000US96048,96048,320,268,52
86000US96049,96049,26,20,6
86000US96050,96050,223,157,66
86000US96051,96051,581,437,144
86000US96052,96052,584,383,201
86000US96054,96054,158,117,41
86000US96055,96055,1556,1105,451
86000US96056,96056,701,581,120
86000US96057,96057,620,482,138
86000US96058,96058,261,184,77
86000US96059,96059,245,154,91
86000US96061,96061,11,11,0
86000US96062,96062,424,328,96
86000US96063,96063,118,71,47
86000US96064,96064,1889,1379,510
86000US96065,96065,170,103,67
86000US96067,96067,3330,2131,1199
86000US96068,96068,53,24,29
86000US96069,96069,355,299,56
86000US96071,96071,24,24,0
86000US96073,96073,1489,1376,113
86000US96074,96074,58,39,19
86000US96075,96075,139,125,14
86000US96076,96076,84,72,12
86000US96080,96080,11136,6543,4593
86000US96084,96084,161,127,34
86000US96085,96085,28,28,0
86000US96086,96086,148,115,33
86000US96087,96087,266,217,49
86000US96088,96088,1996,1736,260
86000US96090,96090,191,133,58
86000US96091,96091,330,248,82
86000US96092,96092,122,83,39
86000US96093,96093,1703,963,740
86000US96094,96094,2882,1801,1081
86000US96096,96096,291,241,50
86000US96097,96097,4323,2733,1590
86000US96101,96101,2304,1751,553
86000US96103,96103,727,585,142
86000US96104,96104,259,209,50
86000US96105,96105,77,77,0
86000US96106,96106,92,69,23
86000US96107,96107,493,333,160
86000US96108,96108,42,42,0
86000US96109,96109,407,304,103
86000US96110,96110,69,45,24
86000US96111,96111,61,61,0
86000US96112,96112,78,52,26
86000US96113,96113,390,188,202
86000US96114,96114,1375,1135,240
86000US96115,96115,74,71,3
86000US96116,96116,101,101,0
86000US96117,96117,136,118,18
86000US96118,96118,650,490,160
86000US96119,96119,21,5,16
86000US96120,96120,267,228,39
86000US96121,96121,137,117,20
86000US96122,96122,1399,981,418
86000US96123,96123,11,6,5
86000US96124,96124,187,177,10
86000US96125,96125,108,108,0
86000US96126,96126,55,41,14
86000US96128,96128,280,280,0
86000US96129,96129,156,156,0
86000US96130,96130,5233,3134,2099
86000US96132,96132,36,22,14
86000US96133,96133,51,9,42
86000US96134,96134,722,440,282
86000US96135,96135,90,90,0
86000US96136,96136,36,36,0
86000US96137,96137,1591,1242,349
86000US96140,96140,479,327,152
86000US96141,96141,146,140,6
86000US96142,96142,330,242,88
86000US96143,96143,1450,827,623
86000US96145,96145,1051,719,332
86000US96146,96146,454,305,149
86000US96148,96148,210,127,83
86000US96150,96150,11536,6195,5341
86000US96155,96155,0,0,0
86000US96161,96161,6929,5086,1843
86000US97520,97520,11592,6827,4765
86000US97603,97603,11639,7841,3798
86000US97623,97623,1072,934,138
86000US97632,97632,545,390,155
86000US97633,97633,548,426,122
86000US97635,97635,90,90,0